0 0.065094 0.129633 0.091981 0.249865
0 0.132901 0.127861 0.083726 0.253409
0 0.201887 0.127861 0.094340 0.232144
0 0.264976 0.126089 0.093160 0.242776
0 0.330425 0.127861 0.094340 0.235688
0 0.398821 0.125203 0.091981 0.248093
0 0.461321 0.121080 0.084906 0.242160
0 0.529717 0.126975 0.091981 0.248093
0 0.593396 0.126089 0.091981 0.235688
0 0.665920 0.129633 0.104953 0.253409
0 0.731958 0.129633 0.093160 0.232144
0 0.792099 0.121659 0.093160 0.241004
0 0.871698 0.124317 0.120283 0.246320
0 0.070401 0.561137 0.081368 0.237460
0 0.130542 0.570884 0.095519 0.271130
0 0.869929 0.564681 0.121462 0.233916
0 0.790920 0.554935 0.079009 0.253409
0 0.660613 0.565567 0.089623 0.235688
0 0.588090 0.551391 0.090802 0.249865
0 0.535024 0.565567 0.088443 0.239232
0 0.396462 0.556707 0.084906 0.249865
0 0.331014 0.557593 0.088443 0.248093
0 0.076297 0.773788 0.097877 0.241004
0 0.138208 0.776446 0.099057 0.225055
0 0.204245 0.778218 0.106132 0.225055
0 0.271462 0.780876 0.096698 0.237460
0 0.402948 0.779104 0.095519 0.244548
0 0.469575 0.776446 0.089623 0.246320
0 0.530896 0.783534 0.099057 0.221511
0 0.596344 0.775560 0.090802 0.258725
0 0.728420 0.791509 0.079009 0.226828
0 0.872877 0.772902 0.110849 0.242776