0 0.096934 0.595693 0.143868 0.299483
0 0.195401 0.603667 0.135613 0.326065
0 0.355189 0.605439 0.148585 0.318976
0 0.465448 0.585060 0.137972 0.377455
0 0.569222 0.589491 0.145047 0.382771
0 0.672995 0.587718 0.147406 0.361506
0 0.777358 0.591263 0.158019 0.326065
0 0.931840 0.582402 0.127358 0.326065
0 0.102241 0.897834 0.137972 0.194930
0 0.199528 0.893404 0.148585 0.186069
0 0.361675 0.883657 0.142689 0.191386
0 0.464269 0.887202 0.140330 0.184297
0 0.563915 0.885430 0.146226 0.194930
0 0.674175 0.890746 0.142689 0.191386
0 0.777358 0.893404 0.136792 0.207335
0 0.933608 0.890746 0.126179 0.191386