0 0.298585 0.136722 0.080189 0.207335
0 0.357547 0.137608 0.077830 0.216195
0 0.410613 0.150898 0.073113 0.203790
0 0.516745 0.149126 0.073113 0.193158
0 0.679481 0.152670 0.075472 0.175437
0 0.739033 0.150898 0.083726 0.168349
0 0.305071 0.348486 0.081368 0.184297
0 0.408844 0.348486 0.074292 0.191386
0 0.461910 0.344942 0.081368 0.191386
0 0.568632 0.350258 0.080189 0.187842
0 0.623467 0.352030 0.090802 0.180753
0 0.676533 0.353803 0.079009 0.170121
0 0.733726 0.635565 0.073113 0.191386
0 0.681250 0.628477 0.081368 0.209107
0 0.628774 0.628477 0.082547 0.212651
0 0.573939 0.636451 0.076651 0.200246
0 0.515566 0.631135 0.073113 0.200246
0 0.460141 0.635565 0.080189 0.205562
0 0.408255 0.635565 0.075472 0.191386
0 0.357547 0.640881 0.082547 0.194930
0 0.303302 0.633793 0.077830 0.184297
0 0.358137 0.833153 0.067217 0.193158
0 0.463090 0.849988 0.064858 0.212651
0 0.517925 0.847330 0.080189 0.178981
0 0.575708 0.849102 0.075472 0.207335
0 0.681840 0.847330 0.089623 0.168349
0 0.736085 0.836697 0.084906 0.200246