0 0.233671 0.272174 0.145897 0.332174
0 0.353041 0.280000 0.145897 0.347826
0 0.465780 0.287826 0.140592 0.335652
0 0.579846 0.273913 0.140592 0.342609
0 0.691921 0.277391 0.141918 0.349565
0 0.803997 0.276522 0.140592 0.351304
0 0.917399 0.277391 0.144571 0.339130
0 0.234997 0.627826 0.137939 0.354783
0 0.350389 0.637391 0.145897 0.346087
0 0.462465 0.631304 0.131308 0.351304
0 0.575867 0.625217 0.135287 0.360000
0 0.693248 0.635652 0.136613 0.356522
0 0.804660 0.636522 0.141918 0.368696
0 0.918063 0.635652 0.156508 0.356522