0 0.093986 0.777123 0.104953 0.284984
0 0.170047 0.771226 0.096698 0.292846
0 0.246108 0.775157 0.109670 0.308569
0 0.322759 0.782036 0.095519 0.294811
0 0.402358 0.785967 0.106132 0.286950
0 0.476651 0.782036 0.113208 0.298742
0 0.549175 0.783019 0.102594 0.288915
0 0.628184 0.786950 0.109670 0.281053
0 0.721344 0.769261 0.133255 0.308569
0 0.831014 0.774175 0.145047 0.298742
0 0.093396 0.217964 0.096698 0.290881
0 0.172995 0.220912 0.128538 0.300708
0 0.249057 0.229756 0.106132 0.306604
0 0.322170 0.219929 0.106132 0.294811
0 0.404127 0.222877 0.104953 0.284984
0 0.471344 0.233687 0.104953 0.283019
0 0.550943 0.230739 0.099057 0.292846
0 0.624057 0.226808 0.099057 0.296777
0 0.716627 0.225825 0.133255 0.294811
0 0.830425 0.224843 0.134434 0.304638