0 0.148617 0.211304 0.134668 0.307826
0 0.268322 0.210435 0.147137 0.313043
0 0.383039 0.213913 0.144643 0.313043
0 0.497132 0.215652 0.153372 0.316522
0 0.612472 0.220000 0.149631 0.318261
0 0.729060 0.215652 0.145890 0.326957
0 0.841283 0.215652 0.153372 0.323478
0 0.841906 0.707826 0.164594 0.313043
0 0.729060 0.713913 0.155865 0.321739
0 0.608108 0.710435 0.153372 0.363478
0 0.498379 0.711304 0.150878 0.333913
0 0.379921 0.709565 0.150878 0.340870
0 0.261463 0.700000 0.148384 0.360000
0 0.151734 0.695652 0.148384 0.368696