0 0.171226 0.326272 0.125000 0.387466
0 0.261439 0.326272 0.116745 0.383255
0 0.355189 0.333642 0.117925 0.372726
0 0.449528 0.326272 0.115566 0.383255
0 0.542689 0.327325 0.113208 0.372726
0 0.632311 0.329431 0.113208 0.385361
0 0.727830 0.326272 0.120283 0.391678
0 0.816863 0.322060 0.114387 0.391678
0 0.908255 0.324166 0.113208 0.383255
0 0.081014 0.724267 0.121462 0.387466
0 0.177123 0.728479 0.127358 0.395889
0 0.264976 0.732690 0.128538 0.421159
0 0.585731 0.912736 0.003538 0.002106
0 0.358137 0.724267 0.128538 0.404313
0 0.447759 0.729532 0.116745 0.406418
0 0.539741 0.729532 0.121462 0.397995
0 0.634080 0.714791 0.112028 0.402207
0 0.726061 0.725320 0.121462 0.393784
0 0.816274 0.726373 0.122642 0.400101
0 0.914741 0.729532 0.130896 0.381149