0 0.088008 0.324348 0.121835 0.293913
0 0.185595 0.333913 0.123018 0.299130
0 0.284364 0.330435 0.126566 0.295652
0 0.378402 0.337391 0.125384 0.278261
0 0.478354 0.337391 0.121835 0.292174
0 0.577123 0.335652 0.118286 0.295652
0 0.672935 0.328696 0.132481 0.295652
0 0.771113 0.327826 0.130115 0.297391
0 0.871065 0.326087 0.136029 0.283478
0 0.085051 0.639130 0.130115 0.325217
0 0.193875 0.642609 0.144309 0.321739
0 0.279632 0.639130 0.128932 0.325217
0 0.474805 0.640000 0.119469 0.320000
0 0.384316 0.644348 0.132481 0.290435
0 0.574166 0.646087 0.119469 0.307826
0 0.668795 0.639130 0.128932 0.314783
0 0.769930 0.638261 0.125384 0.309565
0 0.870473 0.632174 0.137212 0.311304