0 0.075118 0.874832 0.116745 0.120030
0 0.072170 0.768489 0.129717 0.130559
0 0.077476 0.682151 0.126179 0.117925
0 0.077476 0.573703 0.126179 0.124242
0 0.079245 0.492630 0.139151 0.126348
0 0.079245 0.390499 0.132075 0.128454
0 0.078066 0.292579 0.127358 0.113713
0 0.084552 0.197818 0.130896 0.126348
0 0.088679 0.103058 0.129717 0.122136
0 0.192453 0.098846 0.127358 0.122136
0 0.200118 0.194660 0.119104 0.145300
0 0.190684 0.299949 0.114387 0.136877
0 0.190094 0.392604 0.120283 0.145300
0 0.193042 0.494736 0.114387 0.138982
0 0.190094 0.588443 0.122642 0.120030
0 0.194811 0.677940 0.110849 0.143194
0 0.190684 0.787441 0.130896 0.126348
0 0.188325 0.880096 0.130896 0.130559
0 0.536203 0.874832 0.130896 0.115819
0 0.533255 0.096740 0.132075 0.143194
0 0.537972 0.196765 0.132075 0.145300
0 0.539151 0.296791 0.134434 0.138982
0 0.542099 0.389446 0.121462 0.122136
0 0.540920 0.494736 0.135613 0.122136
0 0.537382 0.583179 0.133255 0.130559
0 0.532665 0.680045 0.133255 0.130559
0 0.540330 0.774806 0.146226 0.117925
0 0.418278 0.869567 0.100236 0.134771
0 0.417689 0.768489 0.117925 0.113713
0 0.418868 0.684257 0.125000 0.109501
0 0.418868 0.581073 0.120283 0.117925
0 0.414151 0.485259 0.103774 0.111607
0 0.415330 0.391552 0.108491 0.117925
0 0.418278 0.287315 0.119104 0.141088
0 0.418278 0.187289 0.126179 0.113713
0 0.411792 0.095687 0.115566 0.111607
0 0.773821 0.880096 0.125000 0.143194
0 0.773231 0.763224 0.130896 0.107396
0 0.776769 0.674781 0.135613 0.107396
0 0.775590 0.572650 0.135613 0.117925
0 0.775590 0.478942 0.140330 0.098972
0 0.776179 0.392604 0.136792 0.128454
0 0.769104 0.286262 0.132075 0.101078
0 0.767925 0.185184 0.134434 0.138982
0 0.764976 0.114639 0.140330 0.132665