0 0.092807 0.204805 0.097877 0.263208
0 0.172406 0.212117 0.099057 0.263208
0 0.244340 0.211203 0.094340 0.250413
0 0.316863 0.217600 0.104953 0.255896
0 0.395873 0.213031 0.112028 0.254068
0 0.474292 0.211203 0.089623 0.261380
0 0.556250 0.212117 0.109670 0.252241
0 0.631132 0.208461 0.115566 0.285142
0 0.716627 0.202978 0.133255 0.263208
0 0.831604 0.194752 0.139151 0.272347
0 0.828656 0.720254 0.137972 0.255896
0 0.705425 0.719340 0.108491 0.272347
0 0.629953 0.722995 0.108491 0.265035
0 0.551533 0.724823 0.102594 0.265035
0 0.473113 0.717512 0.091981 0.276002
0 0.391156 0.718426 0.104953 0.288797
0 0.315684 0.716598 0.093160 0.263208
0 0.249057 0.710200 0.106132 0.286969
0 0.172406 0.712942 0.103774 0.255896
0 0.089269 0.709287 0.102594 0.233962