0 0.169458 0.335246 0.114387 0.360989
0 0.262618 0.347839 0.112028 0.365187
0 0.354599 0.335246 0.121462 0.348397
0 0.448939 0.337345 0.104953 0.352594
0 0.541509 0.341542 0.113208 0.348397
0 0.630542 0.348888 0.112028 0.358891
0 0.726061 0.324752 0.119104 0.373582
0 0.818632 0.328950 0.113208 0.381977
0 0.911203 0.322653 0.119104 0.381977
0 0.078656 0.729816 0.121462 0.398767
0 0.170047 0.739260 0.113208 0.409261
0 0.261439 0.734014 0.114387 0.402965
0 0.358137 0.722470 0.116745 0.413459
0 0.449528 0.729816 0.115566 0.415558
0 0.540920 0.729816 0.107311 0.419755
0 0.632901 0.728767 0.114387 0.392471
0 0.724292 0.715125 0.117925 0.398767
0 0.815094 0.722470 0.115566 0.371483
0 0.912382 0.726668 0.112028 0.396669