0 0.838056 0.128696 0.105056 0.180870
0 0.754574 0.139130 0.114436 0.173913
0 0.679534 0.147826 0.118188 0.160000
0 0.591361 0.138261 0.095676 0.172174
0 0.511631 0.140870 0.108808 0.163478
0 0.432839 0.139130 0.101304 0.160000
0 0.353109 0.150435 0.114436 0.165217
0 0.265874 0.136522 0.101304 0.182609
0 0.176764 0.139130 0.088172 0.156522
0 0.841808 0.768696 0.127568 0.166957
0 0.755512 0.770435 0.112560 0.166957
0 0.675782 0.773043 0.114436 0.161739
0 0.590423 0.772174 0.120064 0.160000
0 0.432839 0.773043 0.120064 0.165217
0 0.353109 0.766087 0.125692 0.161739
0 0.267750 0.769565 0.108808 0.165217
0 0.187082 0.771304 0.112560 0.175652
0 0.188020 0.589565 0.114436 0.163478
0 0.840870 0.589565 0.110684 0.142609
0 0.744256 0.596522 0.116312 0.153043
0 0.676720 0.588696 0.112560 0.165217
0 0.592299 0.589565 0.105056 0.146087
0 0.511631 0.593913 0.101304 0.154783
0 0.423459 0.592174 0.097552 0.168696
0 0.353109 0.595652 0.114436 0.168696
0 0.263998 0.600000 0.112560 0.160000
0 0.190834 0.325217 0.120064 0.163478
0 0.272440 0.318261 0.106932 0.170435
0 0.433777 0.320870 0.114436 0.189565
0 0.511631 0.328696 0.112560 0.170435
0 0.596989 0.326957 0.103180 0.166957
0 0.756450 0.323478 0.106932 0.166957
0 0.838994 0.321739 0.118188 0.163478