0 0.904127 0.292598 0.128538 0.327170
0 0.698939 0.301361 0.133255 0.325222
0 0.590448 0.308177 0.119104 0.331065
0 0.494340 0.296493 0.134434 0.315485
0 0.384080 0.295519 0.123821 0.321327
0 0.287972 0.298440 0.127358 0.311590
0 0.180660 0.290650 0.122642 0.292116
0 0.073939 0.634373 0.126179 0.313538
0 0.177123 0.639242 0.127358 0.327170
0 0.285024 0.640216 0.126179 0.317433
0 0.391156 0.633400 0.128538 0.334960
0 0.590448 0.640216 0.121462 0.340802
0 0.801533 0.647032 0.130896 0.296011
0 0.900590 0.646058 0.121462 0.305748