0 0.124925 0.333913 0.172075 0.128696
0 0.120561 0.208696 0.178310 0.146087
0 0.120561 0.083478 0.190779 0.132174
0 0.128043 0.818261 0.165841 0.172174
0 0.123055 0.701739 0.183298 0.172174
0 0.123055 0.571304 0.188285 0.151304
0 0.118067 0.441739 0.188285 0.139130
0 0.322563 0.073913 0.188285 0.133913
0 0.325680 0.335652 0.187039 0.177391
0 0.323186 0.452174 0.192026 0.160000
0 0.332538 0.563478 0.213224 0.173913
0 0.325680 0.821739 0.179557 0.154783
0 0.679806 0.816522 0.172075 0.165217
0 0.677313 0.702609 0.172075 0.166957
0 0.681677 0.452174 0.165841 0.153043
0 0.684794 0.327826 0.189532 0.144348
0 0.676066 0.197391 0.187039 0.175652
0 0.671078 0.077391 0.192026 0.137391
0 0.875573 0.086087 0.174569 0.151304
0 0.873703 0.213913 0.180804 0.170435
0 0.879314 0.322609 0.187039 0.165217
0 0.876197 0.450435 0.185792 0.163478
0 0.879314 0.576522 0.189532 0.137391
0 0.879938 0.696522 0.178310 0.154783
0 0.878067 0.820000 0.189532 0.158261