0 0.091627 0.253341 0.114387 0.267296
0 0.171226 0.277909 0.096698 0.316431
0 0.313325 0.249410 0.088443 0.302673
0 0.461910 0.239583 0.100236 0.271226
0 0.532075 0.233687 0.108491 0.279088
0 0.604599 0.235653 0.102594 0.263365
0 0.690094 0.234670 0.139151 0.261399
0 0.800354 0.254324 0.140330 0.284984
0 0.802123 0.754520 0.150943 0.259434
0 0.694222 0.731918 0.142689 0.296777
0 0.607547 0.740763 0.094340 0.286950
0 0.461321 0.739780 0.115566 0.288915
0 0.394104 0.748624 0.117925 0.283019
0 0.310377 0.755503 0.094340 0.296777
0 0.242571 0.760417 0.107311 0.286950
0 0.092807 0.741745 0.104953 0.265330